d4
72
40
95
a6
73
63
68
65
6d
61
a5
73
63
65
6e
65
a6
66
72
61
6d
65
73
a6
73
68
61
72
65
64
a7
76
65
72
73
69
6f
6e
cc
7a
d4
72
41
93
a7
6f
62
6a
65
63
74
73
a7
70
75
62
6c
69
73
68
a6
73
74
79
6c
65
73
d4
03
00
91
d4
72
42
94
a2
66
69
a2
69
64
a4
64
61
74
61
a8
63
68
69
6c
64
72
65
6e
01
d9
24
61
32
31
38
66
63
63
33
2d
32
37
36
62
2d
34
39
62
39
2d
62
34
38
35
2d
34
39
30
33
37
66
64
31
34
66
35
66
d4
72
43
dc
00
19
a4
74
79
70
65
a6
73
74
61
74
65
73
a6
65
76
65
6e
74
73
a7
76
69
73
69
62
6c
65
ab
72
61
79
63
61
73
74
4c
6f
63
6b
a7
70
68
79
73
69
63
73
ac
70
61
74
68
53
6e
61
70
70
69
6e
67
a8
70
6f
73
69
74
69
6f
6e
a8
72
6f
74
61
74
69
6f
6e
a5
73
63
61
6c
65
ac
68
69
64
64
65
6e
4d
61
74
72
69
78
a6
63
6c
6f
6e
65
72
af
62
61
63
6b
67
72
6f
75
6e
64
